const DT257 =
{
  Name: "Đường tỉnh 257",
  Location: "Bắc Kạn",
  symbol: {
    color: [0, 0, 255]
  },
    paths: [
      [2212307948708323, 10576883473409972],
      [22123180438382016, 105769128458225],
      [22123371378963550, 10576954391019166],
      [22123643767876104, 10576977886129952],
      [22123864542172144, 10577006227039304],
      [2212395702859878, 10577032635613932],
      [22124046531534508, 10577064841192738],
      [22124115150413412, 10577109606947284],
      [22124156918411496, 10577139236079788],
      [22124097249840588, 10577182391555398],
      [2212400476350596, 10577219750026818],
      [22123888409641516, 10577259040832972],
      [22123789956297216, 10577293178746512],
      [22123858575301050, 10577342775337888],
      [22124103216699536, 10577392049873468],
      [22124162885267784, 10577415559946000],
      [2212430907315632, 10577443578799564],
      [22124505979051710, 1057746612270473],
      [2212476553640343, 10577483835773074],
      [22124953491428984, 10577497684171964],
      [22125120562351304, 1057751700751925],
      [2212518619730302, 10577531500029716],
      [2212519813092698, 10577559196827494],
      [2212522199817188, 10577593978852608],
      [2212524586541426, 10577626184431418],
      [2212521304795704, 10577652593006044],
      [22125165313459504, 10577686086808012],
      [22125126529168080, 10577711529215274],
      [2212504896055485, 10577743734794084],
      [22125123545761492, 10577785602046544],
      [22125263765844204, 10577821994350608],
      [22125430836399476, 1057785806459888],
      [2212556508937775, 1057788833784296],
      [22125753043342230, 10577920543421768],
      [22126161767747550, 10577967885622618],
      [22126495906531280, 1057800202353616],
      [22126904628786504, 1057804485695598],
      [22127185065268236, 1057807384197691],
      [22127787703473864, 10578081571315824],
      [22128032338051924, 10578080927204248],
      [22128336639006736, 10578079638981094],
      [22128769222561310, 10578079316925308],
      [2212902280541166, 10578077062534792],
      [22129237604644190, 10578069977307452],
      [22129491186651624, 10578059671522236],
      [22129777584603896, 10578038093784432],
      [22129989399382308, 10578019092492934],
      [2213025789652905, 10578007498484564],
      [22130556226092024, 10578013617544536],
      [2213077400627515, 105780416363981],
      [22130827705445464, 10578081249260038],
      [2213077102298731, 10578118607731456],
      [22130711357217256, 105781553220913],
      [22130645724840144, 10578184629168016],
      [22130633791676424, 10578221987639434],
      [22130589042307664, 10578261600501372],
      [221304816437629, 10578304433921194],
      [22130281762920776, 10578341792392614],
      [2213020121384354, 1057838301553349],
      [221301415478317, 10578428425399616],
      [2213012961462675, 10578471258819432],
      [22130275796325744, 10578501854119304],
      [2213053832634239, 10578530195028656],
      [2213088140460116, 10578545975762276],
      [22131206582358250, 10578544043427544],
      [2213162125748484, 10578540822869662],
      [22131877818459776, 10578524720080260],
      [22132161228304390, 10578499277673000],
      [2213231635766524, 10578482208716232],
      [22132462537096424, 10578463529480526],
      [22132674347836908, 10578436476794324],
      [22132901074474000, 1057840845794076],
      [22133106918078810, 10578391066928202],
      [22133482805616396, 10578380439087196],
      [2213390642370646, 1057838108319877],
      [22134180879825784, 10578391066928200],
      [22134550798089704, 1057841328877758],
      [22134905799382496, 10578432290069078],
      [22135302564472184, 10578459020699488],
      [22135717227546390, 1057850056589615],
      [2213631087974586, 10578547908096998],
      [2213659726383448, 10578576893117928],
      [2213687171469956, 10578612641310404],
      [2213710141773942, 10578642270442914],
      [22137208811235456, 10578677052468026],
      [2213681503467859, 10578717309441544],
      [22136994024157108, 10578704427210022],
      [22136606213329116, 10578735666621466],
      [22136421257016950, 1057875241352245],
      [2213626314901301, 10578769160423432],
      [2213612592304991, 10578785263212832],
      [22135976764244788, 10578806518894852],
      [22135788823924224, 1057882745252108],
      [22135433824859508, 10578837436250512],
      [22135072858505, 10578840334752608],
      [22134789454516904, 10578855793430436],
      [22134407604044450, 10578894118069220],
      [22134508616012384, 1057888503724587],
      [22134220217732750, 10578916666746556],
      [22134021572065884, 10578956652672556],
      [221339284568152, 10578988373351272],
      [22133785679975188, 10579049580858088],
      [22133808441509668, 10579096044950856],
      [22134033987431244, 10579140051807948],
      [22134162279442264, 10579189866676636],
      [2213404019510869, 1057923945816027],
      [22133779472282896, 10579304686598188],
      [2213360772602879, 1057935539500713],
      [22133510472033636, 10579406996956312],
      [2213355185671952, 10579466864152762],
      [22133853964566090, 10579526284579096],
      [22134505770381284, 10579557335102642],
      [2213480166854104, 10579580120378908],
      [2213518240371491, 10579628371552176],
      [2213560659114605, 10579659645460772],
      [22136057676866084, 1057968712182332],
      [2213666576950376, 10579680089329292],
      [22137025807801550, 10579647921880454],
      [2213742722874206, 10579625583374316],
      [221377851959215, 10579636305857262],
      [22138241612840950, 10579657691585344],
      [22138901674972268, 10579688071953692],
      [22139176872382040, 10579711527385142],
      [22139567941458560, 10579748162535212],
      [221399817699837, 10579792839547498],
      [22140298347983756, 10579832602088422],
      [22140432841687550, 10579852483358886],
      [22140637685709584, 1057987817264096],
      [22141030819846570, 1057991257394042],
      [2214121497177369, 1057992530688892],
      [22141562583756476, 10579944071234078],
      [22141930885979010, 10579943177693832],
      [2214235712219082, 10579938709992580],
      [2214274404423282, 10579951666326144],
      [22143004750465356, 10579993886102752],
      [22143215798013904, 10580032978488494],
      [221433999470891, 10580070730563868],
      [22143524092397070, 10580105355248384],
      [22143565474140852, 10580140873473144],
      [2214348891790428, 10580181752939376],
      [22143519954220936, 10580237375819668],
      [2214368341204696, 1058027043680875],
      [22143971014593544, 10580317794441772],
      [22144304136235290, 10580338569252480],
      [2214454207977741, 10580342143413464],
      [22144945548354516, 10580346611114704],
      [2214541315663415, 10580350185275698],
      [2214596352545702, 10580363588379400],
      [2214628629714863, 10580370960086432],
      [2214645802793641, 10580410946012418],
      [22146366989954596, 10580431944208188],
      [2214616836142626, 10580445570696932],
      [22145866279997280, 10580467239047884],
      [2214572558431461, 10580480865536628],
      [2214551867864785, 10580499406496724],
      [2214529522018427, 1058052643608916],
      [2214511521171765, 10580548327825178],
      [22144988998750490, 10580578484808468],
      [22144982791550724, 10580613332878056],
      [22145022103800256, 10580656222809840],
      [2214503038006224, 10580694198270282],
      [2214488779047105, 10580732641123582],
      [22144813304023136, 10580749618388248],
      [22144447078407468, 10580779551986468],
      [22144087059077136, 10580796529251140],
      [22143869805586604, 10580809932354824],
      [2214365255176368, 10580833611171332],
      [22143534613834876, 10580845673964648],
      [22143406330358772, 1058086510846499],
      [2214325942494412, 10580887000201014],
      [2214311251937944, 10580905541161108],
      [22143049, 105809148],
      [22142944, 105809263],
      [22142905, 105809320],
      [22142868, 105809376],
      [22142798, 105809470],
      [22142752, 105809541],
      [22142685, 105809641],
      [22142621, 105809739],
      [22142579, 105809817],
      [22142516, 105809897],
      [22142452, 105809986],
      [22142416, 105810037],
      [22142372, 105810101],
      [22142287, 105810210],
      [22142236, 105810274],
      [22142173, 105810390],
      [22142139, 105810470],
      [22142121, 105810548],
      [22142117, 105810664],
      [22142121, 105810789],
      [22142190, 105810983],
      [22142368, 105811298],
      [22142726, 105811537],
      [22142894, 105811753],
      [22143002, 105811977],
      [22143073, 105812142],
      [22143173, 105812346],
      [22143252, 105812523],
      [22143400, 105812705],
      [22143544, 105812899],
      [22143811, 105813149],
      [22144030, 105813288],
      [22144194, 105813418],
      [22144371, 105813541],
      [22144497, 105813658],
      [22144600, 105813854],
      [22144671, 105814010],
      [22144726, 105814216],
      [22144775, 105814469],
      [22144860, 105814656],
      [22144938, 105814811],
      [22145120, 105814961],
      [22145512, 105815305],
      [22145631, 105815614],
      [22145702, 105815813],
      [22145820, 105816134],
      [22145865, 105816419],
      [22145730, 105816785],
      [22145618, 105816958],
      [22145497, 105817148],
      [22145437, 105817456],
      [22145464, 105817694],
      [22145516, 105817974],
      [22145551, 105818242],
      [22145588, 105818549],
      [22145623, 105818804],
      [22145656, 105819097],
      [22145680, 105819313],
      [22145693, 105819518],
      [22145743, 105819771],
      [22145816, 105820141],
      [22145877, 105820345],
      [22145941, 105820553],
      [22146014, 105820803],
      [22146124, 105821118],
      [22146220, 105821339],
      [22146273, 105821512],
      [22146318, 105821643],
      [22146433, 105821931],
      [22146490, 105822117],
      [22146539, 105822312],
      [22146583, 105822511],
      [22146660, 105822713],
      [22146700, 105822908],
      [22146747, 105823129],
  ]

}

export default DT257_2;